{
 "cells": [
  {
   "cell_type": "code",
   "execution_count": 7,
   "metadata": {},
   "outputs": [],
   "source": [
    "import pandas as pd\n",
    "import numpy as np\n",
    "import scipy as sp"
   ]
  },
  {
   "cell_type": "code",
   "execution_count": 90,
   "metadata": {},
   "outputs": [],
   "source": [
    "# import sys\n",
    "# !{sys.executable} -m pip install BayesPy"
   ]
  },
  {
   "cell_type": "code",
   "execution_count": 91,
   "metadata": {},
   "outputs": [],
   "source": [
    "import seaborn as sns\n",
    "from matplotlib import pyplot as plt"
   ]
  },
  {
   "cell_type": "code",
   "execution_count": 475,
   "metadata": {},
   "outputs": [],
   "source": [
    "import numpy as np\n",
    "\n",
    "class UGMM(object):\n",
    "    \n",
    "    def __init__(self, X, K=1):\n",
    "        self.X = X\n",
    "        self.K = K\n",
    "        self.N = self.X.shape[0]\n",
    "\n",
    "    def _init(self):\n",
    "        self.alpha=np.random.rand(self.K,1)\n",
    "        self.m= np.random.rand(self.K,1)\n",
    "        self.beta=np.random.rand(self.K,1)\n",
    "        self.beta_prev=np.random.rand(self.K,1)\n",
    "        self.nu=np.random.rand(self.K,1)*np.random.randint(1,10)\n",
    "        self.W=np.random.rand(self.K,1)*np.random.randint(1,10)\n",
    "        self.alpha=np.random.rand(self.K,1)\n",
    "        self.r=np.zeros((self.N,self.K))\n",
    "        self.x_nebla=np.zeros((self.K,1))\n",
    "        self.Nk=np.zeros((self.K,1))\n",
    "        self.S=np.zeros((self.K,1))\n",
    "        self.pi_nebla=np.zeros((self.K,1))\n",
    "        self.lamda_nebla=np.zeros((self.K,1))\n",
    "        self.E_mu_lamda=np.zeros((self.N,self.K))\n",
    "        \n",
    "        \n",
    "\n",
    "        print('Init mean')\n",
    "        print(self.m)\n",
    "        print('Init lamda')\n",
    "\n",
    "\n",
    "    def E_Step(self):\n",
    "        for n in range(self.N):\n",
    "            for k in range(self.K):\n",
    "                self.pi_nebla[k]=np.exp(sp.special.digamma(self.alpha[k])-sp.special.digamma(self.alpha.sum()))\n",
    "                self.lamda_nebla[k]=np.exp(sp.special.digamma(self.nu[k]/2, out=None)+np.log(2)+np.log(self.W[k]))\n",
    "                self.E_mu_lamda[n][k]=(self.beta[k]**(-1))+self.nu[k]*self.W[k]*(self.X[n]-self.m[k])**2\n",
    "                self.r[n][k]=self.pi_nebla[k]*(self.lamda_nebla[k]**0.5)*(np.exp(-0.5*self.E_mu_lamda[n][k]))\n",
    "        row_sums = self.r.sum(axis=1)\n",
    "        self.r= self.r / row_sums[:, np.newaxis]\n",
    "        \n",
    "        \n",
    "    def fit(self, max_iter=1000, tol=1e-6):\n",
    "        self._init()\n",
    "#         self.r_values = [self.r_elbo()]\n",
    "        self.m_history = [self.m.copy()]\n",
    "        self.E_Step()\n",
    "#         self.s2_history = [self.s2]\n",
    "        for iter_ in range(1, max_iter+1):\n",
    "#             print('before')\n",
    "#             print(self.m_history)\n",
    "            self.M_Step()\n",
    "#             print('after')\n",
    "#             print(self.m_history)\n",
    "            self.m_history.append(self.m.copy())\n",
    "#             if iter_ % 2 == 0:\n",
    "#             print('wow')\n",
    "            print(iter_, self.m_history[iter_])\n",
    "            print(iter_, self.r)\n",
    "            if np.linalg.norm(self.m_history[-1]-self.m_history[-2],2) <= tol:\n",
    "                print('ELBO converged with ll %.3f at iteration %d'%(self.m_history[-1][0],iter_))\n",
    "                break\n",
    "            self.E_Step()\n",
    "        if iter_ == max_iter:\n",
    "            print('ELBO ended with ll %.3f'%(self.m_history[-1][0]))\n",
    "\n",
    "\n",
    "    def M_Step(self):\n",
    "        self._update_Nk()\n",
    "        self._update_x_nebla()\n",
    "        self._update_S()\n",
    "        self._update_alpha()\n",
    "        self._update_W()\n",
    "        self._update_beta()\n",
    "        self._update_nu()\n",
    "        self._update_m()\n",
    "\n",
    "    def _update_Nk(self):\n",
    "        for k in range(self.K):\n",
    "            self.Nk[k]=self.r[:,k].sum()\n",
    "            \n",
    "    def _update_x_nebla(self):\n",
    "        for k in range(self.K):\n",
    "            self.x_nebla[k]=0\n",
    "            for n in range(self.N):\n",
    "#                 print(self.Nk)\n",
    "                self.x_nebla[k]+=self.r[n][k]*self.X[n]/self.Nk[k]\n",
    "    \n",
    "    def _update_S(self):\n",
    "        for k in range(self.K):\n",
    "            self.S[k]=0\n",
    "            for n in range(self.N):\n",
    "                self.S[k]+=(self.r[n][k]*(self.X[n]-self.x_nebla[k])**(2))/self.Nk[k]\n",
    "                \n",
    "    def _update_alpha(self):\n",
    "        for k in range(self.K):\n",
    "            self.alpha[k]=self.alpha[k]+self.Nk[k]\n",
    "            \n",
    "    def _update_beta(self):\n",
    "        self.beta_prev=self.beta.copy()\n",
    "        for k in range(self.K):\n",
    "            self.beta[k]=self.beta[k]+self.Nk[k]\n",
    "        \n",
    "    def _update_m(self):\n",
    "        for k in range(self.K):\n",
    "            self.m[k]=(self.beta_prev[k]*self.m[k]+self.Nk[k]*self.x_nebla[k])/self.beta[k]\n",
    "#         print('achha')\n",
    "#         print(self.m)\n",
    "    \n",
    "    \n",
    "    def _update_W(self):\n",
    "        for k in range(self.K):\n",
    "            self.W[k]=((1/self.W[k])+self.Nk[k]*self.S[k]+(self.beta[k]*self.Nk[k]/(self.beta[k]+self.Nk[k]))*(self.x_nebla[k]-self.m[k])**2)**(-1)\n",
    "        \n",
    "    \n",
    "    def _update_nu(self):\n",
    "        for k in range(self.K):\n",
    "            self.nu[k]=self.nu[k]+self.Nk[k]\n",
    "    \n",
    "#     def _calculate_rnk\n",
    "        "
   ]
  },
  {
   "cell_type": "code",
   "execution_count": 476,
   "metadata": {},
   "outputs": [],
   "source": [
    "data=pd.read_csv('data2.txt',header=None)"
   ]
  },
  {
   "cell_type": "code",
   "execution_count": 477,
   "metadata": {},
   "outputs": [],
   "source": [
    "X =np.array(data.iloc[0,0])\n",
    "for i in range(1,1000):\n",
    "    X= np.append(X, data.iloc[i,0])\n",
    "    "
   ]
  },
  {
   "cell_type": "code",
   "execution_count": 478,
   "metadata": {},
   "outputs": [
    {
     "data": {
      "text/plain": [
       "0.9942949885119834"
      ]
     },
     "execution_count": 478,
     "metadata": {},
     "output_type": "execute_result"
    }
   ],
   "source": [
    "X.max()"
   ]
  },
  {
   "cell_type": "code",
   "execution_count": 480,
   "metadata": {},
   "outputs": [
    {
     "name": "stdout",
     "output_type": "stream",
     "text": [
      "Init mean\n",
      "[[0.83346122]\n",
      " [0.54705876]\n",
      " [0.63144309]]\n",
      "Init lamda\n",
      "1 [[0.62031465]\n",
      " [0.45238812]\n",
      " [0.44555295]]\n",
      "1 [[1.17185078e-04 9.79736548e-01 2.01462671e-02]\n",
      " [8.67458680e-05 9.78643912e-01 2.12693425e-02]\n",
      " [7.98104420e-05 9.78231894e-01 2.16882951e-02]\n",
      " ...\n",
      " [1.63598168e-04 9.79962219e-01 1.98741829e-02]\n",
      " [2.07435945e-04 9.78793656e-01 2.09989079e-02]\n",
      " [1.31386072e-04 9.79959680e-01 1.99089343e-02]]\n",
      "2 [[0.61974716]\n",
      " [0.45210543]\n",
      " [0.46021921]]\n",
      "2 [[7.43771069e-07 9.96013956e-01 3.98530069e-03]\n",
      " [7.90433942e-07 9.94933004e-01 5.06620566e-03]\n",
      " [8.46093891e-07 9.94261752e-01 5.73740162e-03]\n",
      " ...\n",
      " [1.18312820e-06 9.94425387e-01 5.57343032e-03]\n",
      " [3.42433332e-06 9.83776696e-01 1.62198797e-02]\n",
      " [8.03457276e-07 9.95924207e-01 4.07498957e-03]]\n",
      "3 [[0.61947484]\n",
      " [0.45202521]\n",
      " [0.46824928]]\n",
      "3 [[3.79760446e-07 9.96871428e-01 3.12819227e-03]\n",
      " [4.05361955e-07 9.96028906e-01 3.97068892e-03]\n",
      " [4.34987641e-07 9.95501851e-01 4.49771449e-03]\n",
      " ...\n",
      " [6.08990161e-07 9.95589743e-01 4.40964796e-03]\n",
      " [1.80681077e-06 9.86965755e-01 1.30324377e-02]\n",
      " [4.10551254e-07 9.96795393e-01 3.20419605e-03]]\n",
      "4 [[0.61929674]\n",
      " [0.45199171]\n",
      " [0.47361395]]\n",
      "4 [[2.56674783e-07 9.97240672e-01 2.75907168e-03]\n",
      " [2.74387100e-07 9.96508225e-01 3.49150030e-03]\n",
      " [2.94681126e-07 9.96048430e-01 3.95127513e-03]\n",
      " ...\n",
      " [4.12602960e-07 9.96100754e-01 3.89883324e-03]\n",
      " [1.23385916e-06 9.88464808e-01 1.15339582e-02]\n",
      " [2.77541050e-07 9.97170843e-01 2.82887929e-03]]\n",
      "5 [[0.61916463]\n",
      " [0.45197519]\n",
      " [0.47755611]]\n",
      "5 [[1.94497657e-07 9.97452384e-01 2.54742121e-03]\n",
      " [2.08076736e-07 9.96786144e-01 3.21364842e-03]\n",
      " [2.23555736e-07 9.96366863e-01 3.63291384e-03]\n",
      " ...\n",
      " [3.12984730e-07 9.96395856e-01 3.60383116e-03]\n",
      " [9.39444845e-07 9.89360008e-01 1.06390523e-02]\n",
      " [2.10323818e-07 9.97385969e-01 2.61382035e-03]]\n",
      "6 [[0.61905971]\n",
      " [0.45196635]\n",
      " [0.48062181]]\n",
      "6 [[1.56887154e-07 9.97591087e-01 2.40875611e-03]\n",
      " [1.67917971e-07 9.96970165e-01 3.02966699e-03]\n",
      " [1.80452002e-07 9.96578583e-01 3.42123605e-03]\n",
      " ...\n",
      " [2.52600765e-07 9.96589909e-01 3.40983877e-03]\n",
      " [7.59786564e-07 9.89963300e-01 1.00359404e-02]\n",
      " [1.69657033e-07 9.97526732e-01 2.47309863e-03]]\n",
      "7 [[0.61897272]\n",
      " [0.45196146]\n",
      " [0.48309782]]\n",
      "7 [[1.31643636e-07 9.97689331e-01 2.31053781e-03]\n",
      " [1.40943801e-07 9.97101938e-01 2.89792062e-03]\n",
      " [1.51487763e-07 9.96730800e-01 3.26904876e-03]\n",
      " ...\n",
      " [2.12022715e-07 9.96727663e-01 3.27212521e-03]\n",
      " [6.38566941e-07 9.90400850e-01 9.59851133e-03]\n",
      " [1.42359471e-07 9.97626272e-01 2.37358518e-03]]\n",
      "8 [[0.61889843]\n",
      " [0.45195878]\n",
      " [0.48515262]]\n",
      "8 [[1.13507915e-07 9.97762578e-01 2.23730844e-03]\n",
      " [1.21554658e-07 9.97201322e-01 2.79855613e-03]\n",
      " [1.30662328e-07 9.96846068e-01 3.15380179e-03]\n",
      " ...\n",
      " [1.82847480e-07 9.96830517e-01 3.16929970e-03]\n",
      " [5.51177357e-07 9.90734301e-01 9.26514755e-03]\n",
      " [1.22746940e-07 9.97700345e-01 2.29953240e-03]]\n",
      "9 [[0.61883361]\n",
      " [0.45195743]\n",
      " [0.4868932 ]]\n",
      "9 [[9.98370198e-08 9.97819204e-01 2.18069653e-03]\n",
      " [1.06933347e-07 9.97279101e-01 2.72079224e-03]\n",
      " [1.14954750e-07 9.96936654e-01 3.06323116e-03]\n",
      " ...\n",
      " [1.60843263e-07 9.96910111e-01 3.08972789e-03]\n",
      " [4.85142877e-07 9.90997663e-01 9.00185181e-03]\n",
      " [1.07962310e-07 9.97757483e-01 2.24240911e-03]]\n",
      "10 [[0.61877612]\n",
      " [0.45195689]\n",
      " [0.48839148]]\n",
      "10 [[8.91560329e-08 9.97864172e-01 2.13573929e-03]\n",
      " [9.55064622e-08 9.97341681e-01 2.65822332e-03]\n",
      " [1.02677061e-07 9.97009855e-01 2.99004192e-03]\n",
      " ...\n",
      " [1.43645083e-07 9.96973365e-01 3.02649179e-03]\n",
      " [4.33459560e-07 9.91211370e-01 8.78819611e-03]\n",
      " [9.64109400e-08 9.97802747e-01 2.19715687e-03]]\n",
      "11 [[0.61872447]\n",
      " [0.45195687]\n",
      " [0.489698  ]]\n",
      "11 [[8.05764332e-08 9.97900627e-01 2.09929246e-03]\n",
      " [8.63255803e-08 9.97393130e-01 2.60678327e-03]\n",
      " [9.28114400e-08 9.97070308e-01 2.92959899e-03]\n",
      " ...\n",
      " [1.29826734e-07 9.97024672e-01 2.97519866e-03]\n",
      " [3.91889314e-07 9.91388505e-01 8.61110317e-03]\n",
      " [8.71320939e-08 9.97839342e-01 2.16057060e-03]]\n",
      "12 [[0.61867759]\n",
      " [0.45195719]\n",
      " [0.49084951]]\n",
      "12 [[7.35307276e-08 9.97930667e-01 2.06925978e-03]\n",
      " [7.87846644e-08 9.97436165e-01 2.56375645e-03]\n",
      " [8.47073327e-08 9.97121111e-01 2.87880413e-03]\n",
      " ...\n",
      " [1.18476590e-07 9.97066967e-01 2.93291483e-03]\n",
      " [3.57716122e-07 9.91537861e-01 8.46178108e-03]\n",
      " [7.95121148e-08 9.97869407e-01 2.13051337e-03]]\n",
      "13 [[0.61863466]\n",
      " [0.45195773]\n",
      " [0.49187353]]\n",
      "13 [[6.76393181e-08 9.97955746e-01 2.04418596e-03]\n",
      " [7.24781807e-08 9.97472673e-01 2.52725459e-03]\n",
      " [7.79293274e-08 9.97164421e-01 2.83550137e-03]\n",
      " ...\n",
      " [1.08984487e-07 9.97102290e-01 2.89760096e-03]\n",
      " [3.29118405e-07 9.91665587e-01 8.33408371e-03]\n",
      " [7.31405048e-08 9.97894425e-01 2.10550173e-03]]\n",
      "14 [[0.61859507]\n",
      " [0.45195842]\n",
      " [0.49279114]]\n",
      "14 [[6.26385920e-08 9.97976910e-01 2.02302702e-03]\n",
      " [6.71244181e-08 9.97504012e-01 2.49592092e-03]\n",
      " [7.21749063e-08 9.97201787e-01 2.79814053e-03]\n",
      " ...\n",
      " [1.00926494e-07 9.97132107e-01 2.86779246e-03]\n",
      " [3.04828468e-07 9.91776120e-01 8.22357540e-03]\n",
      " [6.77321824e-08 9.97915461e-01 2.08447157e-03]]\n",
      "15 [[0.61855834]\n",
      " [0.4519592 ]\n",
      " [0.49361883]]\n",
      "15 [[5.83397130e-08 9.97994928e-01 2.00501336e-03]\n",
      " [6.25215229e-08 9.97531184e-01 2.46875375e-03]\n",
      " [6.72272765e-08 9.97234356e-01 2.76557630e-03]\n",
      " ...\n",
      " [9.39988102e-08 9.97157497e-01 2.84240873e-03]\n",
      " [2.83936627e-07 9.91872747e-01 8.12696891e-03]\n",
      " [6.30829263e-08 9.97933298e-01 2.06663849e-03]]\n",
      "16 [[0.61852409]\n",
      " [0.45196004]\n",
      " [0.49436969]]\n",
      "16 [[5.46038291e-08 9.98010381e-01 1.98956448e-03]\n",
      " [5.85210383e-08 9.97554945e-01 2.44499636e-03]\n",
      " [6.29269755e-08 9.97262994e-01 2.73694290e-03]\n",
      " ...\n",
      " [8.79779821e-08 9.97179278e-01 2.82063411e-03]\n",
      " [2.65773027e-07 9.91957961e-01 8.04177292e-03]\n",
      " [5.90425687e-08 9.97948530e-01 2.05141092e-03]]\n",
      "17 [[0.61849199]\n",
      " [0.45196091]\n",
      " [0.49505431]]\n",
      "17 [[5.13265388e-08 9.98023715e-01 1.97623386e-03]\n",
      " [5.50113200e-08 9.97575879e-01 2.42406579e-03]\n",
      " [5.91540700e-08 9.97288368e-01 2.71157293e-03]\n",
      " ...\n",
      " [8.26959513e-08 9.97198076e-01 2.80184080e-03]\n",
      " [2.49833395e-07 9.92033687e-01 7.96606270e-03]\n",
      " [5.54981980e-08 9.97961611e-01 2.03833390e-03]]\n",
      "18 [[0.6184618 ]\n",
      " [0.4519618 ]\n",
      " [0.49568133]]\n",
      "18 [[4.84278162e-08 9.98035279e-01 1.96467219e-03]\n",
      " [5.19067759e-08 9.97594443e-01 2.40550529e-03]\n",
      " [5.58166051e-08 9.97311001e-01 2.68894309e-03]\n",
      " ...\n",
      " [7.80238698e-08 9.97214385e-01 2.78553744e-03]\n",
      " [2.35730801e-07 9.92101438e-01 7.89832638e-03]\n",
      " [5.23632642e-08 9.97972896e-01 2.02705156e-03]]\n",
      "19 [[0.6184333]\n",
      " [0.4519627]\n",
      " [0.4962579]]\n",
      "19 [[4.58452794e-08 9.98045352e-01 1.95460212e-03]\n",
      " [4.91406754e-08 9.97610999e-01 2.38895162e-03]\n",
      " [5.28428842e-08 9.97331310e-01 2.66863701e-03]\n",
      " ...\n",
      " [7.38612788e-08 9.97228592e-01 2.77133374e-03]\n",
      " [2.23163355e-07 9.92162418e-01 7.83735897e-03]\n",
      " [4.95702987e-08 9.97982669e-01 2.01728140e-03]]\n",
      "20 [[0.61840632]\n",
      " [0.4519636 ]\n",
      " [0.49678998]]\n",
      "20 [[4.35295747e-08 9.98054156e-01 1.94580060e-03]\n",
      " [4.66602174e-08 9.97625841e-01 2.37411217e-03]\n",
      " [5.01761729e-08 9.97349631e-01 2.65031900e-03]\n",
      " ...\n",
      " [7.01286878e-08 9.97241014e-01 2.75891568e-03]\n",
      " [2.11892035e-07 9.92217600e-01 7.78218769e-03]\n",
      " [4.70659234e-08 9.97991157e-01 2.00879627e-03]]\n",
      "21 [[0.61838069]\n",
      " [0.45196448]\n",
      " [0.49728261]]\n",
      "21 [[4.14411394e-08 9.98061872e-01 1.93808612e-03]\n",
      " [4.44230707e-08 9.97639207e-01 2.36074846e-03]\n",
      " [4.77709842e-08 9.97366237e-01 2.63371529e-03]\n",
      " ...\n",
      " [6.67623671e-08 9.97251906e-01 2.74802768e-03]\n",
      " [2.01725111e-07 9.92267780e-01 7.73201821e-03]\n",
      " [4.48073492e-08 9.97998544e-01 2.00141138e-03]]\n",
      "22 [[0.61835629]\n",
      " [0.45196536]\n",
      " [0.49774007]]\n",
      "22 [[3.95478846e-08 9.98068651e-01 1.93130949e-03]\n",
      " [4.23948976e-08 9.97651294e-01 2.34866409e-03]\n",
      " [4.55904182e-08 9.97381354e-01 2.61860029e-03]\n",
      " ...\n",
      " [6.37106205e-08 9.97261477e-01 2.73845960e-03]\n",
      " [1.92506979e-07 9.92313612e-01 7.68619528e-03]\n",
      " [4.27598703e-08 9.98004982e-01 1.99497487e-03]]\n",
      "23 [[0.618333  ]\n",
      " [0.45196621]\n",
      " [0.49816601]]\n",
      "23 [[3.78235078e-08 9.98074615e-01 1.92534693e-03]\n",
      " [4.05475491e-08 9.97662264e-01 2.33769584e-03]\n",
      " [4.36042245e-08 9.97395170e-01 2.60478636e-03]\n",
      " ...\n",
      " [6.09310692e-08 9.97269902e-01 2.73003708e-03]\n",
      " [1.84110031e-07 9.92355642e-01 7.64417339e-03]\n",
      " [4.08950387e-08 9.98010598e-01 1.98936078e-03]]\n",
      "24 [[0.61831073]\n",
      " [0.45196706]\n",
      " [0.4985636 ]]\n",
      "24 [[3.62462421e-08 9.98079869e-01 1.92009488e-03]\n",
      " [3.88577289e-08 9.97672254e-01 2.32770691e-03]\n",
      " [4.17873661e-08 9.97407842e-01 2.59211613e-03]\n",
      " ...\n",
      " [5.83886398e-08 9.97277327e-01 2.72261420e-03]\n",
      " [1.76428617e-07 9.92394329e-01 7.60549461e-03]\n",
      " [3.91893126e-08 9.98015497e-01 1.98446376e-03]]\n",
      "25 [[0.6182894 ]\n",
      " [0.45196788]\n",
      " [0.49893555]]\n",
      "25 [[3.47979180e-08 9.98084499e-01 1.91546605e-03]\n",
      " [3.73059887e-08 9.97681381e-01 2.31858175e-03]\n",
      " [4.01189413e-08 9.97419503e-01 2.58045656e-03]\n",
      " ...\n",
      " [5.60540527e-08 9.97283876e-01 2.71606797e-03]\n",
      " [1.69374509e-07 9.92430059e-01 7.56977160e-03]\n",
      " [3.76230406e-08 9.98019767e-01 1.98019504e-03]]\n"
     ]
    },
    {
     "name": "stdout",
     "output_type": "stream",
     "text": [
      "26 [[0.61826892]\n",
      " [0.45196868]\n",
      " [0.49928426]]\n",
      "26 [[3.34632483e-08 9.98088580e-01 1.91138635e-03]\n",
      " [3.58759646e-08 9.97689742e-01 2.31022210e-03]\n",
      " [3.85813622e-08 9.97430267e-01 2.56969444e-03]\n",
      " ...\n",
      " [5.39026718e-08 9.97289652e-01 2.71029397e-03]\n",
      " [1.62873451e-07 9.92463163e-01 7.53667449e-03]\n",
      " [3.61796884e-08 9.98023485e-01 1.97647928e-03]]\n",
      "27 [[0.61824924]\n",
      " [0.45196946]\n",
      " [0.49961182]]\n",
      "27 [[3.22292775e-08 9.98092175e-01 1.90779250e-03]\n",
      " [3.45537875e-08 9.97697422e-01 2.30254386e-03]\n",
      " [3.71597218e-08 9.97440230e-01 2.55973281e-03]\n",
      " ...\n",
      " [5.19136171e-08 9.97294745e-01 2.70520302e-03]\n",
      " [1.56862491e-07 9.92493923e-01 7.50592056e-03]\n",
      " [3.48452441e-08 9.98026713e-01 1.97325219e-03]]\n",
      "28 [[0.61823028]\n",
      " [0.45197023]\n",
      " [0.49992006]]\n",
      "28 [[3.10849528e-08 9.98095339e-01 1.90463015e-03]\n",
      " [3.33276243e-08 9.97704492e-01 2.29547461e-03]\n",
      " [3.58413017e-08 9.97449476e-01 2.55048808e-03]\n",
      " ...\n",
      " [5.00690744e-08 9.97299231e-01 2.70071850e-03]\n",
      " [1.51287907e-07 9.92522583e-01 7.47726607e-03]\n",
      " [3.36077534e-08 9.98029508e-01 1.97045853e-03]]\n",
      "29 [[0.61821201]\n",
      " [0.45197097]\n",
      " [0.50021062]]\n",
      "29 [[3.00207864e-08 9.98098118e-01 1.90185233e-03]\n",
      " [3.21873172e-08 9.97711016e-01 2.28895169e-03]\n",
      " [3.46151832e-08 9.97458078e-01 2.54188788e-03]\n",
      " ...\n",
      " [4.83537515e-08 9.97303177e-01 2.69677426e-03]\n",
      " [1.46103572e-07 9.92549354e-01 7.45049979e-03]\n",
      " [3.24569547e-08 9.98031917e-01 1.96805061e-03]]\n",
      "30 [[0.61819437]\n",
      " [0.4519717 ]\n",
      " [0.50048495]]\n",
      "30 [[2.90285880e-08 9.98100553e-01 1.89941830e-03]\n",
      " [3.11240967e-08 9.97717048e-01 2.28292057e-03]\n",
      " [3.34719399e-08 9.97466097e-01 2.53386916e-03]\n",
      " ...\n",
      " [4.67544465e-08 9.97306640e-01 2.69331286e-03]\n",
      " [1.41269659e-07 9.92574421e-01 7.42543770e-03]\n",
      " [3.13839898e-08 9.98033982e-01 1.96598708e-03]]\n",
      "31 [[0.61817732]\n",
      " [0.45197241]\n",
      " [0.50074432]]\n",
      "31 [[2.81012495e-08 9.98102679e-01 1.89729253e-03]\n",
      " [3.01303519e-08 9.97722636e-01 2.27733359e-03]\n",
      " [3.24033905e-08 9.97473591e-01 2.52637681e-03]\n",
      " ...\n",
      " [4.52597016e-08 9.97309671e-01 2.69028423e-03]\n",
      " [1.36751592e-07 9.92597944e-01 7.40191881e-03]\n",
      " [3.03811708e-08 9.98035738e-01 1.96423188e-03]]\n",
      "32 [[0.61816082]\n",
      " [0.45197309]\n",
      " [0.50098989]]\n",
      "32 [[2.72325718e-08 9.98104529e-01 1.89544392e-03]\n",
      " [2.91994447e-08 9.97727822e-01 2.27214894e-03]\n",
      " [3.14023995e-08 9.97480606e-01 2.51936236e-03]\n",
      " ...\n",
      " [4.38595244e-08 9.97312312e-01 2.68764454e-03]\n",
      " [1.32519216e-07 9.92620066e-01 7.37980159e-03]\n",
      " [2.94417933e-08 9.98037217e-01 1.96275346e-03]]\n",
      "33 [[0.61814484]\n",
      " [0.45197376]\n",
      " [0.50122271]]\n",
      "33 [[2.64171239e-08 9.98106128e-01 1.89384512e-03]\n",
      " [2.83255593e-08 9.97732642e-01 2.26732975e-03]\n",
      " [3.04627150e-08 9.97487186e-01 2.51278310e-03]\n",
      " ...\n",
      " [4.25451597e-08 9.97314602e-01 2.68535527e-03]\n",
      " [1.28546104e-07 9.92640910e-01 7.35896119e-03]\n",
      " [2.85599833e-08 9.98038447e-01 1.96152411e-03]]\n",
      "34 [[0.61812934]\n",
      " [0.45197442]\n",
      " [0.50144369]]\n",
      "34 [[2.56501271e-08 9.98107502e-01 1.89247200e-03]\n",
      " [2.75035783e-08 9.97737129e-01 2.26284341e-03]\n",
      " [2.95788358e-08 9.97493369e-01 2.50660117e-03]\n",
      " ...\n",
      " [4.13089043e-08 9.97316576e-01 2.68338242e-03]\n",
      " [1.24809001e-07 9.92660588e-01 7.33928701e-03]\n",
      " [2.77305725e-08 9.98039453e-01 1.96051937e-03]]\n",
      "35 [[0.6181143 ]\n",
      " [0.45197506]\n",
      " [0.50165369]]\n",
      "35 [[2.49273599e-08 9.98108672e-01 1.89130322e-03]\n",
      " [2.67289806e-08 9.97741312e-01 2.25866097e-03]\n",
      " [2.87459017e-08 9.97499188e-01 2.50078295e-03]\n",
      " ...\n",
      " [4.01439526e-08 9.97318264e-01 2.68169592e-03]\n",
      " [1.21287359e-07 9.92679198e-01 7.32068075e-03]\n",
      " [2.69489951e-08 9.98040255e-01 1.95971762e-03]]\n",
      "36 [[0.6180997 ]\n",
      " [0.45197568]\n",
      " [0.50185347]]\n",
      "36 [[2.42450788e-08 9.98109656e-01 1.89031980e-03]\n",
      " [2.59977572e-08 9.97745217e-01 2.25475665e-03]\n",
      " [2.79596027e-08 9.97504674e-01 2.49529845e-03]\n",
      " ...\n",
      " [3.90442698e-08 9.97319692e-01 2.68026905e-03]\n",
      " [1.17962957e-07 9.92696827e-01 7.30305475e-03]\n",
      " [2.62112024e-08 9.98040874e-01 1.95909966e-03]]\n",
      "37 [[0.6180855 ]\n",
      " [0.45197628]\n",
      " [0.50204372]]\n",
      "37 [[2.35999525e-08 9.98110472e-01 1.88950485e-03]\n",
      " [2.53063401e-08 9.97748867e-01 2.25110740e-03]\n",
      " [2.72161032e-08 9.97509852e-01 2.49012085e-03]\n",
      " ...\n",
      " [3.80044855e-08 9.97320884e-01 2.67907801e-03]\n",
      " [1.14819575e-07 9.92713555e-01 7.28633057e-03]\n",
      " [2.55135916e-08 9.98041326e-01 1.95864839e-03]]\n",
      "38 [[0.61807168]\n",
      " [0.45197687]\n",
      " [0.50222508]]\n",
      "38 [[2.29890067e-08 9.98111134e-01 1.88884327e-03]\n",
      " [2.46515436e-08 9.97752283e-01 2.24769258e-03]\n",
      " [2.65119783e-08 9.97514747e-01 2.48522609e-03]\n",
      " ...\n",
      " [3.70198043e-08 9.97321861e-01 2.67810155e-03]\n",
      " [1.11842730e-07 9.92729450e-01 7.27043785e-03]\n",
      " [2.48529457e-08 9.98041627e-01 1.95834856e-03]]\n",
      "39 [[0.61805823]\n",
      " [0.45197745]\n",
      " [0.50239811]]\n",
      "39 [[2.24095770e-08 9.98111656e-01 1.88832154e-03]\n",
      " [2.40305142e-08 9.97755482e-01 2.24449363e-03]\n",
      " [2.58441602e-08 9.97519382e-01 2.48059253e-03]\n",
      " ...\n",
      " [3.60859313e-08 9.97322643e-01 2.67732063e-03]\n",
      " [1.09019451e-07 9.92744578e-01 7.25531328e-03]\n",
      " [2.42263833e-08 9.98041789e-01 1.95818650e-03]]\n",
      "40 [[0.61804512]\n",
      " [0.45197801]\n",
      " [0.50256335]]\n",
      "40 [[2.18592701e-08 9.98112051e-01 1.88792752e-03]\n",
      " [2.34406881e-08 9.97758483e-01 2.24149383e-03]\n",
      " [2.52098926e-08 9.97523774e-01 2.47620063e-03]\n",
      " ...\n",
      " [3.51990076e-08 9.97323247e-01 2.67671817e-03]\n",
      " [1.06338079e-07 9.92758994e-01 7.24089974e-03]\n",
      " [2.36313159e-08 9.98041826e-01 1.95814995e-03]]\n",
      "41 [[0.61803234]\n",
      " [0.45197856]\n",
      " [0.50272128]]\n",
      "41 [[2.13359295e-08 9.98112328e-01 1.88765028e-03]\n",
      " [2.28797556e-08 9.97761299e-01 2.23867809e-03]\n",
      " [2.46066924e-08 9.97527943e-01 2.47203273e-03]\n",
      " ...\n",
      " [3.43555568e-08 9.97323687e-01 2.67627878e-03]\n",
      " [1.03788114e-07 9.92772751e-01 7.22714557e-03]\n",
      " [2.30654113e-08 9.98041749e-01 1.95822788e-03]]\n",
      "42 [[0.61801988]\n",
      " [0.45197909]\n",
      " [0.50287234]]\n",
      "42 [[2.08376075e-08 9.98112499e-01 1.88747995e-03]\n",
      " [2.23456301e-08 9.97763945e-01 2.23603274e-03]\n",
      " [2.40323162e-08 9.97531903e-01 2.46807283e-03]\n",
      " ...\n",
      " [3.35524385e-08 9.97323978e-01 2.67598860e-03]\n",
      " [1.01360067e-07 9.92785895e-01 7.21400393e-03]\n",
      " [2.25265628e-08 9.98041567e-01 1.95841034e-03]]\n",
      "43 [[0.61800771]\n",
      " [0.45197961]\n",
      " [0.50301694]]\n",
      "43 [[2.03625398e-08 9.98112572e-01 1.88740762e-03]\n",
      " [2.18364220e-08 9.97766433e-01 2.23354536e-03]\n",
      " [2.34847324e-08 9.97535670e-01 2.46430637e-03]\n",
      " ...\n",
      " [3.27868085e-08 9.97324132e-01 2.67583508e-03]\n",
      " [9.90453451e-08 9.92798469e-01 7.20143228e-03]\n",
      " [2.20128625e-08 9.98041290e-01 1.95868836e-03]]\n",
      "44 [[0.61799582]\n",
      " [0.45198012]\n",
      " [0.50315545]]\n",
      "44 [[1.99091249e-08 9.98112555e-01 1.88742522e-03]\n",
      " [2.13504156e-08 9.97768774e-01 2.23120468e-03]\n",
      " [2.29620965e-08 9.97539257e-01 2.46072013e-03]\n",
      " ...\n",
      " [3.20560849e-08 9.97324161e-01 2.67580688e-03]\n",
      " [9.68361460e-08 9.92810511e-01 7.18939187e-03]\n",
      " [2.15225784e-08 9.98040925e-01 1.95905381e-03]]\n",
      "45 [[0.61798421]\n",
      " [0.45198062]\n",
      " [0.50328823]]\n",
      "45 [[1.94759056e-08 9.98112455e-01 1.88752542e-03]\n",
      " [2.08860497e-08 9.97770979e-01 2.22900042e-03]\n",
      " [2.24627298e-08 9.97542676e-01 2.45730200e-03]\n",
      " ...\n",
      " [3.13579181e-08 9.97324075e-01 2.67589367e-03]\n",
      " [9.47253703e-08 9.92822058e-01 7.17784734e-03]\n",
      " [2.10541344e-08 9.98040480e-01 1.95949929e-03]]\n",
      "46 [[0.61797285]\n",
      " [0.45198111]\n",
      " [0.5034156 ]]\n",
      "46 [[1.90615529e-08 9.98112279e-01 1.88770154e-03]\n",
      " [2.04419008e-08 9.97773056e-01 2.22692319e-03]\n",
      " [2.19851019e-08 9.97545937e-01 2.45404095e-03]\n",
      " ...\n",
      " [3.06901656e-08 9.97323883e-01 2.67608611e-03]\n",
      " [9.27065429e-08 9.92833141e-01 7.16676638e-03]\n",
      " [2.06060932e-08 9.98039961e-01 1.96001812e-03]]\n",
      "47 [[0.61796175]\n",
      " [0.45198159]\n",
      " [0.50353785]]\n",
      "47 [[1.86648521e-08 9.98112034e-01 1.88794752e-03]\n",
      " [2.00166676e-08 9.97775016e-01 2.22496440e-03]\n",
      " [2.15278136e-08 9.97549052e-01 2.45092685e-03]\n",
      " ...\n",
      " [3.00508692e-08 9.97323594e-01 2.67637565e-03]\n",
      " [9.07737465e-08 9.92843790e-01 7.15611938e-03]\n",
      " [2.01771412e-08 9.98039376e-01 1.96060419e-03]]\n",
      "48 [[0.61795087]\n",
      " [0.45198205]\n",
      " [0.50365526]]\n",
      "48 [[1.82846913e-08 9.98111724e-01 1.88825781e-03]\n",
      " [1.96091587e-08 9.97776864e-01 2.22311620e-03]\n",
      " [2.10895841e-08 9.97552028e-01 2.44795041e-03]\n",
      " ...\n",
      " [2.94382360e-08 9.97323216e-01 2.67675453e-03]\n",
      " [8.89215621e-08 9.92854032e-01 7.14587916e-03]\n",
      " [1.97660759e-08 9.98038728e-01 1.96125195e-03]]\n",
      "49 [[0.61794023]\n",
      " [0.45198251]\n",
      " [0.50376809]]\n",
      "49 [[1.79200502e-08 9.98111355e-01 1.88862736e-03]\n",
      " [1.92182810e-08 9.97778609e-01 2.22137135e-03]\n",
      " [2.06692380e-08 9.97554876e-01 2.44510311e-03]\n",
      " ...\n",
      " [2.88506209e-08 9.97322756e-01 2.67721562e-03]\n",
      " [8.71450179e-08 9.92863892e-01 7.13602077e-03]\n",
      " [1.93717937e-08 9.98038024e-01 1.96195632e-03]]\n"
     ]
    },
    {
     "name": "stdout",
     "output_type": "stream",
     "text": [
      "50 [[0.6179298 ]\n",
      " [0.45198295]\n",
      " [0.50387657]]\n",
      "50 [[1.75699908e-08 9.98110931e-01 1.88905153e-03]\n",
      " [1.88430299e-08 9.97780258e-01 2.21972323e-03]\n",
      " [2.02656950e-08 9.97557603e-01 2.44237708e-03]\n",
      " ...\n",
      " [2.82865121e-08 9.97322219e-01 2.67775244e-03]\n",
      " [8.54395440e-08 9.92873393e-01 7.12652120e-03]\n",
      " [1.89932803e-08 9.98037268e-01 1.96271266e-03]]\n",
      "51 [[0.61791958]\n",
      " [0.45198339]\n",
      " [0.50398093]]\n",
      "51 [[1.72336497e-08 9.98110457e-01 1.88952607e-03]\n",
      " [1.84824801e-08 9.97781816e-01 2.21816571e-03]\n",
      " [1.98779605e-08 9.97560215e-01 2.43976508e-03]\n",
      " ...\n",
      " [2.77445173e-08 9.97321613e-01 2.67835902e-03]\n",
      " [8.38009324e-08 9.92882557e-01 7.11735925e-03]\n",
      " [1.86296020e-08 9.98036465e-01 1.96351671e-03]]\n",
      "52 [[0.61790956]\n",
      " [0.45198382]\n",
      " [0.50408137]]\n",
      "52 [[1.69102305e-08 9.98109936e-01 1.89004710e-03]\n",
      " [1.81357783e-08 9.97783289e-01 2.21669317e-03]\n",
      " [1.95051169e-08 9.97562720e-01 2.43726041e-03]\n",
      " ...\n",
      " [2.72233526e-08 9.97320943e-01 2.67902990e-03]\n",
      " [8.22253018e-08 9.92891402e-01 7.10851535e-03]\n",
      " [1.82798975e-08 9.98035617e-01 1.96436459e-03]]\n",
      "53 [[0.61789974]\n",
      " [0.45198424]\n",
      " [0.5041781 ]]\n",
      "53 [[1.65989975e-08 9.98109372e-01 1.89061102e-03]\n",
      " [1.78021363e-08 9.97784682e-01 2.21530040e-03]\n",
      " [1.91463166e-08 9.97565124e-01 2.43485687e-03]\n",
      " ...\n",
      " [2.67218318e-08 9.97320213e-01 2.67976006e-03]\n",
      " [8.07090667e-08 9.92899948e-01 7.09997137e-03]\n",
      " [1.79433709e-08 9.98034729e-01 1.96525272e-03]]\n",
      "54 [[0.6178901 ]\n",
      " [0.45198465]\n",
      " [0.50427129]]\n",
      "54 [[1.62992699e-08 9.98108769e-01 1.89121454e-03]\n",
      " [1.74808248e-08 9.97786000e-01 2.21398259e-03]\n",
      " [1.88007755e-08 9.97567432e-01 2.43254874e-03]\n",
      " ...\n",
      " [2.62388574e-08 9.97319429e-01 2.68054489e-03]\n",
      " [7.92489093e-08 9.92908210e-01 7.09171055e-03]\n",
      " [1.76192863e-08 9.98033805e-01 1.96617780e-03]]\n",
      "55 [[0.61788064]\n",
      " [0.45198505]\n",
      " [0.50436111]]\n",
      "55 [[1.60104170e-08 9.98108129e-01 1.89185464e-03]\n",
      " [1.71711677e-08 9.97787248e-01 2.21273527e-03]\n",
      " [1.84677668e-08 9.97569651e-01 2.43033070e-03]\n",
      " ...\n",
      " [2.57734124e-08 9.97318594e-01 2.68138014e-03]\n",
      " [7.78417552e-08 9.92916205e-01 7.08371732e-03]\n",
      " [1.73069613e-08 9.98032846e-01 1.96713683e-03]]\n",
      "56 [[0.61787135]\n",
      " [0.45198544]\n",
      " [0.50444772]]\n",
      "56 [[1.57318532e-08 9.98107456e-01 1.89252850e-03]\n",
      " [1.68725380e-08 9.97788429e-01 2.21155433e-03]\n",
      " [1.81466161e-08 9.97571784e-01 2.42819780e-03]\n",
      " ...\n",
      " [2.53245532e-08 9.97317713e-01 2.68226189e-03]\n",
      " [7.64847515e-08 9.92923946e-01 7.07597723e-03]\n",
      " [1.70057630e-08 9.98031856e-01 1.96812701e-03]]\n",
      "57 [[0.61786222]\n",
      " [0.45198583]\n",
      " [0.50453127]]\n",
      "57 [[1.54630348e-08 9.98106751e-01 1.89323356e-03]\n",
      " [1.65843528e-08 9.97789548e-01 2.21043591e-03]\n",
      " [1.78366967e-08 9.97573837e-01 2.42614545e-03]\n",
      " ...\n",
      " [2.48914026e-08 9.97316789e-01 2.68318653e-03]\n",
      " [7.51752470e-08 9.92931448e-01 7.06847685e-03]\n",
      " [1.67151030e-08 9.98030838e-01 1.96914577e-03]]\n",
      "58 [[0.61785326]\n",
      " [0.45198621]\n",
      " [0.5046119 ]]\n",
      "58 [[1.52034556e-08 9.98106017e-01 1.89396742e-03]\n",
      " [1.63060697e-08 9.97790607e-01 2.20937646e-03]\n",
      " [1.75374254e-08 9.97575813e-01 2.42416938e-03]\n",
      " ...\n",
      " [2.44731448e-08 9.97315825e-01 2.68415071e-03]\n",
      " [7.39107745e-08 9.92938722e-01 7.06120366e-03]\n",
      " [1.64344340e-08 9.98029793e-01 1.97019075e-03]]\n",
      "59 [[0.61784445]\n",
      " [0.45198658]\n",
      " [0.50468975]]\n",
      "59 [[1.49526439e-08 9.98105257e-01 1.89472787e-03]\n",
      " [1.60371835e-08 9.97791611e-01 2.20837265e-03]\n",
      " [1.72482590e-08 9.97577717e-01 2.42226560e-03]\n",
      " ...\n",
      " [2.40690195e-08 9.97314825e-01 2.68515137e-03]\n",
      " [7.26890357e-08 9.92945781e-01 7.05414601e-03]\n",
      " [1.61632460e-08 9.98028724e-01 1.97125976e-03]]\n",
      "60 [[0.61783579]\n",
      " [0.45198695]\n",
      " [0.50476493]]\n",
      "60 [[1.47101600e-08 9.98104472e-01 1.89551287e-03]\n",
      " [1.57772227e-08 9.97792563e-01 2.20742141e-03]\n",
      " [1.69686905e-08 9.97579553e-01 2.42043038e-03]\n",
      " ...\n",
      " [2.36783174e-08 9.97313791e-01 2.68618562e-03]\n",
      " [7.15078861e-08 9.92952635e-01 7.04729302e-03]\n",
      " [1.59010633e-08 9.98027633e-01 1.97235078e-03]]\n",
      "61 [[0.61782728]\n",
      " [0.45198731]\n",
      " [0.50483757]]\n",
      "61 [[1.44755928e-08 9.98103665e-01 1.89632053e-03]\n",
      " [1.55257471e-08 9.97793465e-01 2.20651984e-03]\n",
      " [1.66982466e-08 9.97581323e-01 2.41866025e-03]\n",
      " ...\n",
      " [2.33003762e-08 9.97312726e-01 2.68725085e-03]\n",
      " [7.03653230e-08 9.92959295e-01 7.04063451e-03]\n",
      " [1.56474416e-08 9.98026522e-01 1.97346192e-03]]\n",
      "62 [[0.6178189 ]\n",
      " [0.45198766]\n",
      " [0.50490777]]\n",
      "62 [[1.42485582e-08 9.98102837e-01 1.89714909e-03]\n",
      " [1.52823451e-08 9.97794319e-01 2.20566526e-03]\n",
      " [1.64364846e-08 9.97583032e-01 2.41695197e-03]\n",
      " ...\n",
      " [2.29345764e-08 9.97311632e-01 2.68834458e-03]\n",
      " [6.92594739e-08 9.92965770e-01 7.03416098e-03]\n",
      " [1.54019653e-08 9.98025393e-01 1.97459146e-03]]\n",
      "63 [[0.61781066]\n",
      " [0.451988  ]\n",
      " [0.50497565]]\n",
      "63 [[1.40286967e-08 9.98101989e-01 1.89799692e-03]\n",
      " [1.50466311e-08 9.97795130e-01 2.20485516e-03]\n",
      " [1.61829900e-08 9.97584681e-01 2.41530248e-03]\n",
      " ...\n",
      " [2.25803384e-08 9.97310513e-01 2.68946455e-03]\n",
      " [6.81885855e-08 9.92972068e-01 7.02786353e-03]\n",
      " [1.51642456e-08 9.98024247e-01 1.97573780e-03]]\n",
      "64 [[0.61780255]\n",
      " [0.45198834]\n",
      " [0.50504129]]\n",
      "64 [[1.38156711e-08 9.98101124e-01 1.89886251e-03]\n",
      " [1.48182441e-08 9.97795898e-01 2.20408718e-03]\n",
      " [1.59373746e-08 9.97586275e-01 2.41370894e-03]\n",
      " ...\n",
      " [2.22371187e-08 9.97309369e-01 2.69060865e-03]\n",
      " [6.71510150e-08 9.92978199e-01 7.02173383e-03]\n",
      " [1.49339179e-08 9.98023086e-01 1.97689943e-03]]\n",
      "65 [[0.61779457]\n",
      " [0.45198868]\n",
      " [0.50510479]]\n",
      "65 [[1.36091652e-08 9.98100242e-01 1.89974444e-03]\n",
      " [1.45968453e-08 9.97796626e-01 2.20335913e-03]\n",
      " [1.56992740e-08 9.97587816e-01 2.41216868e-03]\n",
      " ...\n",
      " [2.19044077e-08 9.97308203e-01 2.69177491e-03]\n",
      " [6.61452213e-08 9.92984170e-01 7.01576404e-03]\n",
      " [1.47106404e-08 9.98021910e-01 1.97807497e-03]]\n",
      "66 [[0.61778671]\n",
      " [0.451989  ]\n",
      " [0.50516624]]\n",
      "66 [[1.34088823e-08 9.98099345e-01 1.90064141e-03]\n",
      " [1.43821165e-08 9.97797317e-01 2.20266894e-03]\n",
      " [1.54683461e-08 9.97589305e-01 2.41067918e-03]\n",
      " ...\n",
      " [2.15817267e-08 9.97307017e-01 2.69296152e-03]\n",
      " [6.51697570e-08 9.92989988e-01 7.00994683e-03]\n",
      " [1.44940919e-08 9.98020722e-01 1.97926315e-03]]\n",
      "67 [[0.61777896]\n",
      " [0.45198933]\n",
      " [0.50522573]]\n",
      "67 [[1.32145431e-08 9.98098435e-01 1.90155219e-03]\n",
      " [1.41737586e-08 9.97797971e-01 2.20201468e-03]\n",
      " [1.52442693e-08 9.97590747e-01 2.40923807e-03]\n",
      " ...\n",
      " [2.12686257e-08 9.97305812e-01 2.69416677e-03]\n",
      " [6.42232617e-08 9.92995660e-01 7.00427528e-03]\n",
      " [1.42839707e-08 9.98019523e-01 1.98046276e-03]]\n",
      "68 [[0.61777134]\n",
      " [0.45198964]\n",
      " [0.50528332]]\n",
      "68 [[1.30258852e-08 9.98097511e-01 1.90247566e-03]\n",
      " [1.39714902e-08 9.97798591e-01 2.20139454e-03]\n",
      " [1.50267410e-08 9.97592142e-01 2.40784315e-03]\n",
      " ...\n",
      " [2.09646816e-08 9.97304590e-01 2.69538909e-03]\n",
      " [6.33044554e-08 9.93001194e-01 6.99874291e-03]\n",
      " [1.40799929e-08 9.98018313e-01 1.98167270e-03]]\n",
      "69 [[0.61776382]\n",
      " [0.45198995]\n",
      " [0.5053391 ]]\n",
      "69 [[1.28426612e-08 9.98096576e-01 1.90341076e-03]\n",
      " [1.37750463e-08 9.97799179e-01 2.20080681e-03]\n",
      " [1.48154762e-08 9.97593493e-01 2.40649233e-03]\n",
      " ...\n",
      " [2.06694955e-08 9.97303352e-01 2.69662700e-03]\n",
      " [6.24121326e-08 9.93006594e-01 6.99334361e-03]\n",
      " [1.38818909e-08 9.98017094e-01 1.98289193e-03]]\n",
      "70 [[0.61775642]\n",
      " [0.45199026]\n",
      " [0.50539314]]\n",
      "70 [[1.26646380e-08 9.98095631e-01 1.90435648e-03]\n",
      " [1.35841772e-08 9.97799737e-01 2.20024988e-03]\n",
      " [1.46102064e-08 9.97594802e-01 2.40518362e-03]\n",
      " ...\n",
      " [2.03826918e-08 9.97302100e-01 2.69787913e-03]\n",
      " [6.15451570e-08 9.93011867e-01 6.98807162e-03]\n",
      " [1.36894127e-08 9.98015867e-01 1.98411949e-03]]\n",
      "71 [[0.61774912]\n",
      " [0.45199056]\n",
      " [0.50544551]]\n",
      "71 [[1.24915957e-08 9.98094676e-01 1.90531193e-03]\n",
      " [1.33986470e-08 9.97800264e-01 2.19972227e-03]\n",
      " [1.44106781e-08 9.97596070e-01 2.40391519e-03]\n",
      " ...\n",
      " [2.01039160e-08 9.97300836e-01 2.69914421e-03]\n",
      " [6.07024566e-08 9.93017018e-01 6.98292150e-03]\n",
      " [1.35023205e-08 9.98014632e-01 1.98535449e-03]]\n",
      "72 [[0.61774192]\n",
      " [0.45199086]\n",
      " [0.50549626]]\n",
      "72 [[1.23233267e-08 9.98093711e-01 1.90627623e-03]\n",
      " [1.32182334e-08 9.97800764e-01 2.19922253e-03]\n",
      " [1.42166520e-08 9.97597301e-01 2.40268527e-03]\n",
      " ...\n",
      " [1.98328333e-08 9.97299559e-01 2.70042105e-03]\n",
      " [5.98830193e-08 9.93022052e-01 6.97788814e-03]\n",
      " [1.33203898e-08 9.98013391e-01 1.98659610e-03]]\n",
      "73 [[0.61773483]\n",
      " [0.45199115]\n",
      " [0.50554547]]\n",
      "73 [[1.21596348e-08 9.98092739e-01 1.90724857e-03]\n",
      " [1.30427261e-08 9.97801238e-01 2.19874934e-03]\n",
      " [1.40279020e-08 9.97598494e-01 2.40149222e-03]\n",
      " ...\n",
